Result of CInt((64.1+0.1)*10.0) = 641
val(64.1)=64.1
val(64.2)=64.19999999999999
val(642)=641.9999999999999
val(642)=641
